,Firsts,Horse Name,Seconds,Starts,Thirds,PercentWin,ThreeF,FourF,FiveF,Date,Gender
0,0,Lady Lemon Drop,0,1,0,0.0,350.0,515.25,627.75,17,1
1,0,Curlins Prize,0,0,0,0.0,382.5,504.85714285714283,653.0,14,1
2,0,Luminoso,1,3,1,0.6666666666666666,375.0,489.75,618.2,23,1
3,0,Party Dancer,1,3,0,0.3333333333333333,371.0,492.5,620.8,25,1
4,0,Bring on the Band,1,3,1,0.6666666666666666,378.0,486.0,621.0,7,1
5,0,Rockin Ready,2,2,0,1.0,371.0,490.0,617.8571428571429,24,1
6,0,Rattle,0,3,1,0.3333333333333333,380.4,494.2352941176471,614.4444444444445,31,1
7,0,Curlins Journey,0,6,0,0.0,370.0,494.0,617.0588235294117,37,1
8,0,Heaven Escape,0,3,0,0.0,370.0,503.23809523809524,631.6,32,1
