,Final_Time,Final_Time_Hund,Firsts,Horse Name,Seconds,Starts,Thirds,PercentWin,Date,ThreeF,FourF,FiveF
0,1:35.11,9511,1,Blame the Rider,0,6,1,0.3333333333333333,28,366.5,490.0,614.9090909090909
1,1:35.25,9525,0,Majestic Eagle,3,5,0,0.6,35,386.6666666666667,506.7142857142857,622.6666666666666
2,1:35.39,9539,0,Sellwood,1,3,2,1.0,28,365.3333333333333,488.6666666666667,619.3333333333334
3,1:35.39,9539,0,Cajun Treasure,0,1,0,0.0,18,366.5,496.57142857142856,618.0
4,1:35.69,9569,0,Friendly Outthedor,1,5,0,0.2,46,373.14285714285717,493.6666666666667,611.5
5,1:35.79,9579,0,Pointed,0,6,0,0.0,29,367.5,490.75,612.7692307692307
6,1:36.25,9625,0,Dignitaire,0,4,1,0.25,32,376.4,498.57142857142856,623.3333333333334
7,1:36.71,9671,0,Papa Joe,0,2,0,0.0,15,382.6666666666667,503.1111111111111,634.0
8,1:34.19,9419,2,Tule Fog,1,7,1,0.5714285714285714,34,381.75,492.3333333333333,614.7272727272727
9,1:34.83,9483,2,Lymebyrd,4,16,1,0.4375,44,369.0,491.1764705882353,608.421052631579
10,1:35.46,9546,1,Kings River King,0,7,3,0.5714285714285714,29,373.5,495.77777777777777,626.0
11,1:35.46,9546,1,California Journey,0,3,0,0.3333333333333333,47,373.5,495.25,617.2857142857143
12,1:35.54,9554,1,Raven Creek,4,9,2,0.7777777777777778,34,369.0,488.8333333333333,609.2222222222222
13,1:36.17,9617,1,Fast as Cass,1,5,0,0.4,19,378.6666666666667,498.57142857142856,621.1111111111111
14,1:36.50,9650,1,Croissant,0,7,0,0.14285714285714285,31,368.0,487.0,616.1428571428571
15,1:39.73,9973,1,Lord Admiral,1,9,0,0.2222222222222222,35,378.5,493.1764705882353,626.4
16,1:33.86,9386,6,Aquaphobia,3,16,2,0.6875,47,385.0,496.6521739130435,618.421052631579
17,1:34.10,9410,3,Well Developed,2,5,0,1.0,22,377.6,490.6666666666667,617.3333333333334
18,1:34.12,9412,2,Air Vice Marshal,5,15,3,0.6666666666666666,38,369.4,488.53846153846155,616.0666666666667
19,1:34.56,9456,2,Beach View,1,7,1,0.5714285714285714,41,372.2,499.38461538461536,617.4117647058823
20,1:34.71,9471,3,River Echo,4,17,1,0.47058823529411764,54,378.2,493.8666666666667,609.2142857142857
21,1:34.75,9475,4,Play Hard to Get,3,29,0,0.2413793103448276,55,379.3333333333333,502.9714285714286,623.1428571428571
22,1:35.06,9506,2,Cafe Flavor,0,11,4,0.5454545454545454,33,374.0,500.3076923076923,616.4285714285714
23,1:35.30,9530,3,Unapologetic,4,21,2,0.42857142857142855,68,372.0,493.5483870967742,615.7241379310345
24,1:35.48,9548,4,Touched by Autism,3,21,3,0.47619047619047616,38,376.0,488.6666666666667,611.6
25,1:34.39,9439,3,Accountability,0,14,3,0.42857142857142855,59,366.8,491.05263157894734,613.3636363636364
26,1:34.47,9447,1,Avalanche,2,8,1,0.5,52,368.4,491.0,615.1818181818181
27,1:34.54,9454,1,Fortune of War,3,16,4,0.5,35,366.6666666666667,489.2857142857143,608.5
28,1:34.77,9477,1,Mesut,3,7,0,0.5714285714285714,30,371.3333333333333,489.5,612.0
29,1:34.91,9491,2,Elwood J,1,16,5,0.5,69,372.5,488.2,610.9714285714285
30,1:35.06,9506,1,Tartini,1,9,1,0.3333333333333333,10,362.0,490.4,623.5
31,1:35.16,9516,1,Dreams of Valor,0,10,0,0.1,39,373.42857142857144,490.0,610.8
32,1:35.45,9545,1,Cascade Rock,3,10,1,0.5,58,377.09090909090907,498.25,629.5555555555555
33,1:36.85,9685,1,Malibu Music,2,13,1,0.3076923076923077,42,384.6666666666667,496.0,620.3448275862069
34,1:34.52,9452,3,Beau Recall,4,12,0,0.5833333333333334,46,373.0,494.5882352941176,619.92
35,1:34.64,9464,3,Thundering Sky,6,20,4,0.65,35,381.5,497.84,617.5
36,1:34.68,9468,4,Madame Stripes,7,19,3,0.7368421052631579,66,371.14285714285717,493.4736842105263,624.6666666666666
37,1:34.99,9499,3,Sassy Little Lila,5,14,1,0.6428571428571429,61,383.14285714285717,495.6304347826087,619.2
38,1:35.03,9503,4,Sophie P,5,20,1,0.5,11,375.3333333333333,488.0,613.6
39,1:35.16,9516,2,Instant Reflex,0,8,1,0.375,32,368.3333333333333,481.14285714285717,614.6315789473684
40,1:35.17,9517,3,Midnight Crossing,3,21,1,0.3333333333333333,41,374.0,492.54545454545456,606.1379310344828
41,1:36.33,9633,7,Mongolian Shopper,3,26,1,0.4230769230769231,20,374.6,505.125,608.5
42,1:40.25,10025,1,Dhafeera,2,6,0,0.5,10,374.0,494.0,616.8
43,1:40.46,10046,0,Jazaalah,1,5,2,0.6,10,385.0,481.0,620.3333333333334
44,1:40.58,10058,0,Meal Ticket,2,7,1,0.42857142857142855,37,370.0,499.57142857142856,620.1666666666666
45,1:40.84,10084,0,You Missed It,5,8,1,0.75,41,366.3333333333333,492.3636363636364,614.5454545454545
46,1:40.89,10089,0,Blossom Trail Miss,0,4,1,0.25,51,378.6666666666667,500.9230769230769,630.5
47,1:40.99,10099,0,Chalky,2,6,1,0.5,20,376.0,504.5,626.5714285714286
48,1:41.75,10175,0,Beauty Divine,0,4,0,0.0,27,389.3333333333333,515.3333333333334,624.0
49,1:35.18,9518,2,Subic Bay,3,10,1,0.6,37,374.5,501.8181818181818,615.2857142857143
50,1:35.59,9559,1,Oh Scatty Oh,4,15,1,0.4,45,379.3333333333333,496.125,620.8333333333334
51,1:36.12,9612,1,Road Test,5,16,4,0.625,52,367.3333333333333,492.14814814814815,614.7058823529412
52,1:36.22,9622,1,Hotsy Dotsy,3,19,2,0.3157894736842105,39,366.4,486.95238095238096,613.2307692307693
53,1:36.24,9624,1,Paddy Jean,3,14,4,0.5714285714285714,33,365.3333333333333,493.875,621.2857142857143
54,1:36.35,9635,1,Khaleesi,3,16,1,0.3125,31,381.3333333333333,486.3333333333333,620.1818181818181
55,1:36.67,9667,1,Twirling Apples,0,7,0,0.14285714285714285,44,368.85714285714283,490.125,612.7777777777778
56,1:36.74,9674,1,Lil Bit Dangerous,0,3,0,0.3333333333333333,39,372.6,495.0,615.8333333333334
57,1:37.27,9727,1,Pirate Flag,1,14,1,0.21428571428571427,42,381.75,497.57894736842104,619.2727272727273
