,Gender,Firsts,Horse Name,Seconds,Starts,Thirds,PercentWin,Date,ThreeF,FourF,FiveF
0,1,0,Lady Lemon Drop,0,1,0,0.0,17,350.0,515.25,627.75
1,1,0,Curlins Prize,0,0,0,0.0,14,382.5,504.85714285714283,653.0
2,1,0,Luminoso,1,3,1,0.6666666666666666,23,375.0,489.75,618.2
3,1,0,Party Dancer,1,3,0,0.3333333333333333,25,371.0,492.5,620.8
4,1,0,Bring on the Band,1,3,1,0.6666666666666666,7,378.0,486.0,621.0
5,1,0,Rockin Ready,2,2,0,1.0,24,371.0,490.0,617.8571428571429
6,1,0,Rattle,0,3,1,0.3333333333333333,31,380.4,494.2352941176471,614.4444444444445
7,1,0,Curlins Journey,0,6,0,0.0,37,370.0,494.0,617.0588235294117
8,1,0,Heaven Escape,0,3,0,0.0,32,370.0,503.23809523809524,631.6
