,Horse Name,Final_Time,Final_Time_Hund,Gender,Firsts,Seconds,Starts,Thirds,PercentWin,Date,ThreeF,FourF,FiveF
0,Blame the Rider,1:35.11,9511,0,0,0,5,1,0.2,28,366.5,490.0,614.9090909090909
1,Majestic Eagle,1:35.25,9525,0,0,2,4,0,0.5,35,386.6666666666667,506.7142857142857,622.6666666666666
2,Sellwood,1:35.39,9539,0,0,1,2,1,1.0,28,365.3333333333333,488.6666666666667,619.3333333333334
3,Cajun Treasure,1:35.39,9539,0,0,0,0,0,0.0,18,366.5,496.57142857142856,618.0
4,Friendly Outthedor,1:35.69,9569,0,0,1,4,0,0.25,46,373.14285714285717,493.6666666666667,611.5
5,Pointed,1:35.79,9579,0,0,0,5,0,0.0,29,367.5,490.75,612.7692307692307
6,Dignitaire,1:36.25,9625,0,0,0,3,1,0.3333333333333333,32,376.4,498.57142857142856,623.3333333333334
7,Papa Joe,1:36.71,9671,0,0,0,1,0,0.0,15,382.6666666666667,503.1111111111111,634.0
8,Tule Fog,1:34.19,9419,0,1,1,6,1,0.5,34,381.75,492.3333333333333,614.7272727272727
9,Lymebyrd,1:34.83,9483,0,2,3,15,1,0.4,44,369.0,491.1764705882353,608.421052631579
10,Kings River King,1:35.46,9546,0,1,0,6,2,0.5,29,373.5,495.77777777777777,626.0
11,California Journey,1:35.46,9546,0,1,0,2,0,0.5,47,373.5,495.25,617.2857142857143
12,Raven Creek,1:35.54,9554,0,1,4,8,2,0.875,34,369.0,488.8333333333333,609.2222222222222
13,Fast as Cass,1:36.17,9617,0,1,1,4,0,0.5,19,378.6666666666667,498.57142857142856,621.1111111111111
14,Croissant,1:36.50,9650,0,1,0,6,0,0.16666666666666666,31,368.0,487.0,616.1428571428571
15,Lord Admiral,1:39.73,9973,0,1,1,8,0,0.25,35,378.5,493.1764705882353,626.4
16,Aquaphobia,1:33.86,9386,0,5,3,15,2,0.6666666666666666,47,385.0,496.6521739130435,618.421052631579
17,Well Developed,1:34.10,9410,0,3,1,4,0,1.0,22,377.6,490.6666666666667,617.3333333333334
18,Air Vice Marshal,1:34.12,9412,0,2,5,14,2,0.6428571428571429,38,369.4,488.53846153846155,616.0666666666667
19,Beach View,1:34.56,9456,0,2,1,6,1,0.6666666666666666,41,372.2,499.38461538461536,617.4117647058823
20,River Echo,1:34.71,9471,0,3,4,16,1,0.5,54,378.2,493.8666666666667,609.2142857142857
21,Play Hard to Get,1:34.75,9475,0,4,3,28,0,0.25,55,379.3333333333333,502.9714285714286,623.1428571428571
22,Cafe Flavor,1:35.06,9506,0,2,0,10,4,0.6,33,374.0,500.3076923076923,616.4285714285714
23,Unapologetic,1:35.30,9530,0,3,4,20,2,0.45,68,372.0,493.5483870967742,615.7241379310345
24,Touched by Autism,1:35.48,9548,0,4,3,20,3,0.5,38,376.0,488.6666666666667,611.6
25,Accountability,1:34.39,9439,0,2,0,13,3,0.38461538461538464,59,366.8,491.05263157894734,613.3636363636364
26,Avalanche,1:34.47,9447,0,1,1,7,1,0.42857142857142855,52,368.4,491.0,615.1818181818181
27,Fortune of War,1:34.54,9454,0,1,3,15,3,0.4666666666666667,35,366.6666666666667,489.2857142857143,608.5
28,Mesut,1:34.77,9477,0,1,3,6,0,0.6666666666666666,30,371.3333333333333,489.5,612.0
29,Elwood J,1:34.91,9491,0,2,1,15,5,0.5333333333333333,69,372.5,488.2,610.9714285714285
30,Tartini,1:35.06,9506,0,1,1,8,1,0.375,10,362.0,490.4,623.5
31,Dreams of Valor,1:35.16,9516,0,1,0,9,0,0.1111111111111111,39,373.42857142857144,490.0,610.8
32,Cascade Rock,1:35.45,9545,0,1,3,9,1,0.5555555555555556,58,377.09090909090907,498.25,629.5555555555555
33,Malibu Music,1:36.85,9685,0,1,2,12,1,0.3333333333333333,42,384.6666666666667,496.0,620.3448275862069
34,Beau Recall,1:34.52,9452,1,2,4,11,0,0.5454545454545454,46,373.0,494.5882352941176,619.92
35,Thundering Sky,1:34.64,9464,1,3,5,19,4,0.631578947368421,35,381.5,497.84,617.5
36,Madame Stripes,1:34.68,9468,1,4,7,18,2,0.7222222222222222,66,371.14285714285717,493.4736842105263,624.6666666666666
37,Sassy Little Lila,1:34.99,9499,1,3,5,13,1,0.6923076923076923,61,383.14285714285717,495.6304347826087,619.2
38,Sophie P,1:35.03,9503,1,4,5,19,1,0.5263157894736842,11,375.3333333333333,488.0,613.6
39,Instant Reflex,1:35.16,9516,1,2,0,7,1,0.42857142857142855,32,368.3333333333333,481.14285714285717,614.6315789473684
40,Midnight Crossing,1:35.17,9517,1,3,3,20,1,0.35,41,374.0,492.54545454545456,606.1379310344828
41,Mongolian Shopper,1:36.33,9633,1,7,3,25,1,0.44,20,374.6,505.125,608.5
42,Dhafeera,1:40.25,10025,1,0,2,5,0,0.4,10,374.0,494.0,616.8
43,Jazaalah,1:40.46,10046,1,0,0,4,2,0.5,10,385.0,481.0,620.3333333333334
44,Meal Ticket,1:40.58,10058,1,0,2,6,0,0.3333333333333333,37,370.0,499.57142857142856,620.1666666666666
45,You Missed It,1:40.84,10084,1,0,5,7,1,0.8571428571428571,41,366.3333333333333,492.3636363636364,614.5454545454545
46,Blossom Trail Miss,1:40.89,10089,1,0,0,3,1,0.3333333333333333,51,378.6666666666667,500.9230769230769,630.5
47,Chalky,1:40.99,10099,1,0,2,5,1,0.6,20,376.0,504.5,626.5714285714286
48,Beauty Divine,1:41.75,10175,1,0,0,3,0,0.0,27,389.3333333333333,515.3333333333334,624.0
49,Subic Bay,1:35.18,9518,1,1,3,9,1,0.5555555555555556,37,374.5,501.8181818181818,615.2857142857143
50,Oh Scatty Oh,1:35.59,9559,1,1,3,14,1,0.35714285714285715,45,379.3333333333333,496.125,620.8333333333334
51,Road Test,1:36.12,9612,1,1,5,15,3,0.6,52,367.3333333333333,492.14814814814815,614.7058823529412
52,Hotsy Dotsy,1:36.22,9622,1,1,3,18,2,0.3333333333333333,39,366.4,486.95238095238096,613.2307692307693
53,Paddy Jean,1:36.24,9624,1,1,3,13,4,0.6153846153846154,33,365.3333333333333,493.875,621.2857142857143
54,Khaleesi,1:36.35,9635,1,1,3,15,1,0.3333333333333333,31,381.3333333333333,486.3333333333333,620.1818181818181
55,Twirling Apples,1:36.67,9667,1,1,0,6,0,0.16666666666666666,44,368.85714285714283,490.125,612.7777777777778
56,Lil Bit Dangerous,1:36.74,9674,1,1,0,2,0,0.5,39,372.6,495.0,615.8333333333334
57,Pirate Flag,1:37.27,9727,1,1,1,13,1,0.23076923076923078,42,381.75,497.57894736842104,619.2727272727273
